run_time       ,total_data     ,mutihop        ,sensor_data_origin,sensor_data_calc,sensor_data    ,uav_data_calc  ,uav_data_origin,uav_data       ,lost_data      ,connect_num    ,buffer_overflow_num
100,0,0,0,0,0,0,0,0,0,35,0
200,237150,0,201450,0,201450,0,35700,35700,0,175,0
300,474300,38250,325975,51850,377825,0,58225,58225,0,175,0
400,711450,150450,260525,226950,487475,0,73525,73525,0,175,0
500,948600,201450,344250,84150,428400,33150,98600,131750,187000,175,0
600,1185750,318750,296225,229500,525725,33150,108375,141525,199750,175,0
700,1422900,390150,384200,115600,499800,33150,110500,143650,389300,175,0
800,1660050,510000,320450,255000,575450,51000,121550,172550,402050,175,0
900,1897200,581400,391425,152150,543575,51000,136425,187425,584800,175,0
1000,2134350,702100,315775,295800,611575,55250,166175,221425,599250,175,0
1100,2371500,773500,411400,184450,595850,55250,170850,226100,776050,175,0
1200,2608650,894200,356575,309400,665975,80750,173825,254575,793900,175,0
1300,2845800,964750,440300,208250,648550,80750,176800,257550,974950,175,0
1400,3082950,1083750,385050,349350,734400,80750,178500,259250,1005550,175,0
1500,3320100,1155150,467075,243950,711025,80750,181475,262225,1191700,175,0
1600,3557250,1275850,394400,364650,759050,98600,201450,300050,1222300,175,0
1700,3794400,1345550,465800,261800,727600,98600,216750,315350,1405900,175,0
1800,4031550,1450950,396525,401200,797725,98600,247775,346375,1436500,175,0
1900,4268700,1507050,475575,297500,773075,98600,267325,365925,1622650,175,0
2000,4505850,1608200,408597,436900,845497,98600,295375,393975,1658178,175,8
2100,4743000,1668550,489772,164050,653822,264350,304109,568459,1852169,175,9
2200,4980150,1791800,429422,290700,720122,264350,314309,578659,1889569,175,8
2300,5217300,1860650,504647,197200,701847,264350,316434,580784,2074019,175,8
2400,5454450,1983050,455347,311950,767297,275400,320684,596084,2108019,175,8
2500,5691600,2051900,472156,234600,706756,275400,367009,642409,2290535,175,9
2600,5928750,2175150,438581,351900,790481,275400,370834,646234,2316885,175,9
2700,6165900,2244000,501906,242250,744156,311950,372959,684909,2492835,175,9
2800,6403050,2367250,452606,365500,818106,311950,375509,687459,2530235,175,9
2900,6640200,2435250,511299,280500,791799,311950,378484,690434,2722717,175,11
3000,6877350,2556800,461574,402900,864474,311950,381459,693409,2762667,175,11
3100,7114500,2625650,31875,102850,134725,523600,872358,1395958,2958167,175,11
3200,7351650,2652000,155550,53550,209100,562700,969683,1532383,2958167,26,0
3300,7588800,2657950,286450,117300,403750,562700,1004533,1567233,2959867,124,0
3400,7825950,2683450,259250,300900,560150,562700,1027483,1590183,2992167,113,0
3500,8063100,2683450,342550,360400,702950,600950,1041083,1642033,3034667,0,0
3600,8300250,2683450,302175,411400,713575,650250,1051708,1701958,3201267,0,0
3700,8537400,2683450,364884,513400,878284,650250,1064883,1715133,3260533,0,1
3800,8774550,2683450,332584,450500,783084,650250,1075083,1725333,3582683,0,0
3900,9011700,2683450,381863,502350,884213,651100,1095058,1746158,3697879,0,1
4000,9248850,2683450,345738,324700,670438,739500,1114183,1853683,4041279,0,0
4100,9486000,2683450,386963,379100,766063,739500,1140108,1879608,4156879,0,0
4200,9723150,2683450,367413,428400,795813,739500,1146058,1885558,4358329,0,0
4300,9960300,2683450,417818,488750,906568,739500,1148183,1887683,4482599,0,1
4400,10197450,2683450,386793,436050,822843,739500,1166458,1905958,4785199,0,0
4500,10434600,2683450,397418,566950,964368,739500,1199183,1938683,4848099,0,1
4600,10671750,2683450,395229,353600,748829,856800,1202222,2059022,5180449,0,0
4700,10908900,2683450,432204,424150,856354,863600,1205197,2068797,5300299,0,0
4800,11146050,2683450,425829,459000,884829,863600,1206472,2070072,5507699,0,0
4900,11383200,2683450,442850,481100,923950,924800,1227701,2152501,5623299,0,0
5000,11620350,2683450,426340,575450,1001790,924800,1237476,2162276,5772834,0,5
5100,11857500,2683450,447442,537200,984642,924800,1261276,2186076,6003332,0,7
5200,12094650,2683450,425321,592450,1017771,924800,1272751,2197551,6195878,0,8
5300,12331800,2683450,463146,547400,1010546,924800,1281676,2206476,6431328,0,7
5400,12568950,2683450,443596,593300,1036896,924800,1292726,2217526,6631078,0,7
5500,12806100,2683450,476045,719100,1195145,924800,1302501,2227301,6700204,0,9
5600,13043250,2683450,441195,493000,934195,933300,1328001,2261301,7164304,0,8
5700,13280400,2683450,460596,377400,837996,954550,1353650,2308200,7450754,0,7
5800,13517550,2683450,450821,423300,874121,954550,1358325,2312875,7647104,0,7
5900,13754700,2683450,488646,498950,987596,954550,1360450,2315000,7768654,0,7
6000,13991850,2683450,445105,536350,981455,954550,1384909,2339459,7987486,0,10
6100,14229000,2683450,1700,0,1700,1463700,1869114,3332814,8211036,0,8
6200,14466150,2683450,65450,1700,67150,1463700,2040814,3504514,8211036,0,0
6300,14703300,2703000,267325,4250,271575,1467100,2050589,3517689,8211036,175,0
6400,14940450,2801600,324700,83300,408000,1467100,2052714,3519814,8211036,175,0
6500,15177600,2893400,302175,207400,509575,1470500,2058239,3528739,8245886,175,0
6600,15414750,2990300,335750,174250,510000,1470500,2076514,3547014,8367436,175,0
6700,15651900,3077000,297075,250750,547825,1470500,2103289,3573789,8453286,175,0
6800,15889050,3142450,365075,209950,575025,1470500,2116889,3587389,8584186,175,0
6900,16126200,3237650,323850,286450,610300,1470500,2137714,3608214,8670036,175,0
7000,16363350,3320950,362100,241400,603500,1470500,2167464,3637964,8800936,175,0
7100,16600500,3429750,336175,284750,620925,1487500,2179789,3667289,8882536,175,0
7200,16837650,3513050,386750,263500,650250,1487500,2191264,3678764,8995586,175,0
7300,17074800,3621850,382500,323850,706350,1487500,2192964,3680464,9066136,175,0
7400,17311950,3705150,383775,218450,602225,1604800,2234189,3838989,9165586,175,0
7500,17549100,3813100,387175,236300,623475,1604800,2238439,3843239,9269286,175,0
7600,17786250,3897250,428400,208250,636650,1637950,2241414,3879364,9372986,175,0
7700,18023400,4004350,416925,243950,660875,1637950,2243539,3881489,9476686,175,0
7800,18260550,4088500,455600,246500,702100,1637950,2245664,3883614,9586336,175,0
7900,18497700,4194750,444125,282200,726325,1637950,2248639,3886589,9690036,175,0
8000,18734850,4280600,480675,273700,754375,1643900,2252889,3896789,9803086,175,0
8100,18972000,4386850,466822,289850,756672,1662600,2255014,3917614,9910864,175,8
8200,19209150,4472700,469797,297500,767297,1662600,2286039,3948639,10020514,175,8
8300,19446300,4564500,433247,334900,768147,1662600,2320039,3982639,10131014,175,8
8400,19683450,4630800,469797,332350,802147,1662600,2337039,3999639,10250864,175,8
8500,19920600,4721750,460872,370600,831472,1662600,2343414,4006014,10361364,175,8
8600,20157750,4802500,447888,367200,815088,1662600,2396348,4058948,10481214,175,8
8700,20394900,4907900,394061,384200,778261,1662600,2456125,4118725,10590014,175,7
8800,20632050,4986100,425979,376550,802529,1666850,2468875,4135725,10707696,175,6
8900,20869200,5084700,414377,430950,845327,1666850,2477800,4144650,10794523,175,8
9000,21106350,5178200,455177,266050,721227,1666850,2479500,4146350,11060573,175,7
9100,21343500,5276800,1700,0,1700,1989000,2918527,4907527,11157473,175,7
9200,21580650,5276800,181900,1700,183600,1989000,2973777,4962777,11157473,26,0
9300,21817800,5287000,314075,75650,389725,1989000,2994602,4983602,11157473,124,0
9400,22054950,5326100,268600,295800,564400,1989000,3006077,4995077,11169373,113,0
9500,22292100,5326100,359550,246500,606050,2047650,3011177,5058827,11301123,0,0
9600,22529250,5326100,309889,453900,763789,2047650,3011177,5058827,11380534,0,1
9700,22766400,5326100,389364,197200,586564,2170900,3015002,5185902,11667834,0,0
9800,23003550,5326100,323064,409700,732764,2170900,3029452,5200352,11744334,0,0
9900,23240700,5326100,406364,421600,827964,2170900,3039652,5210552,11876084,0,0
10000,23477850,5326100,338428,629000,967428,2170900,3058777,5229677,11954645,0,2
