run_time       ,total_data     ,mutihop        ,sensor_data_origin,sensor_data_calc,sensor_data    ,uav_data_calc  ,uav_data_origin,uav_data       ,lost_data      ,connect_num    ,buffer_overflow_num
100,0,0,0,0,0,0,0,0,0,111,0
200,237150,0,204425,0,204425,0,32725,32725,0,124,0
300,474300,28900,323425,62050,385475,0,59925,59925,0,124,0
400,711450,117300,255000,263500,518500,0,75650,75650,0,124,0
500,948600,147900,344250,289000,633250,0,95200,95200,72250,124,0
600,1185750,252450,288554,465800,754354,0,104125,104125,74821,124,1
700,1422900,283050,362823,301750,664573,0,125375,125375,349902,124,1
800,1660050,387600,297203,407150,704353,37400,147475,184875,383222,124,1
900,1897200,418200,390278,213350,603628,37400,152150,189550,685822,124,0
1000,2134350,522750,344803,350200,695003,37400,154275,191675,724922,124,0
1100,2371500,553350,421303,402050,823353,37400,156825,194225,800572,124,0
1200,2608650,657900,370303,581400,951703,37400,159375,196775,802272,124,1
1300,2845800,688500,443828,452200,896028,37400,161925,199325,1061947,124,1
1400,3082950,793050,388918,589900,978818,37400,168300,205700,1105382,124,1
1500,3320100,821100,436943,452200,889143,37400,200175,237575,1372282,124,0
1600,3557250,906100,370494,572050,942544,69700,241039,310739,1397867,124,1
1700,3794400,938400,416819,430950,847769,69700,283114,352814,1655417,124,0
1800,4031550,1020850,390894,568650,959544,69700,286939,356639,1694517,124,0
1900,4268700,1059100,447844,601800,1049644,69700,303089,372789,1787167,124,0
2000,4505850,1156000,410807,769250,1180057,69700,307764,377464,1792329,124,8
2100,4743000,1194250,470626,643450,1114076,69700,316689,386389,2048285,124,8
2200,4980150,1291150,376956,819400,1196356,69700,364098,433798,2058846,124,9
2300,5217300,1329400,426022,511700,937722,69700,400032,469732,2480446,124,6
2400,5454450,1426300,356832,642600,999432,101150,441066,542216,2486502,124,7
2500,5691600,1464550,427382,380800,808182,101150,445316,546466,2872402,124,4
2600,5928750,1561450,392532,505750,898282,101150,447866,549016,2920002,124,4
2700,6165900,1599700,445636,584800,1030436,101150,451691,552841,2982923,124,6
2800,6403050,1696600,404411,724200,1128611,101150,451691,552841,3024998,124,7
2900,6640200,1734850,435840,453050,888890,102000,479316,581316,3435144,124,6
3000,6877350,1819850,395486,339150,734636,136850,496720,633570,3689294,124,5
3100,7114500,1852150,425,0,425,540600,966581,1507181,3754744,124,5
3200,7351650,1852150,53550,0,53550,540600,1150606,1691206,3754744,158,0
3300,7588800,1853000,220575,18700,239275,544000,1197781,1741781,3754744,123,0
3400,7825950,1870000,304725,131750,436475,544000,1213081,1757081,3762394,114,0
3500,8063100,1938000,294950,269450,564400,544000,1222006,1766006,3794694,131,0
3600,8300250,1938000,334050,358700,692750,544000,1239856,1783856,3885644,0,0
3700,8537400,1938000,321725,524450,846175,544000,1247931,1791931,3961294,0,0
3800,8774550,1938000,357128,568650,925778,589050,1260256,1849306,4061466,0,2
3900,9011700,1938000,336728,380800,717528,589050,1278106,1867156,4489016,0,0
4000,9248850,1938000,393678,345100,738778,589050,1280656,1869706,4702366,0,0
4100,9486000,1938000,375403,473450,848853,589050,1282781,1871831,4827316,0,0
4200,9723150,1938000,421303,491300,912603,589050,1286181,1875231,4997316,0,0
4300,9960300,1938000,405748,668100,1073848,589050,1286181,1875231,5073221,0,1
4400,10197450,1938000,437559,579700,1017259,764150,1294915,2059065,5183126,0,2
4500,10434600,1938000,407809,566100,973909,764150,1317015,2081165,5441526,0,0
4600,10671750,1938000,456684,590750,1047434,764150,1327640,2091790,5594526,0,0
4700,10908900,1938000,430653,733550,1164203,764150,1341665,2105815,5700882,0,1
4800,11146050,1938000,483353,579700,1063053,764150,1352715,2116865,6028132,0,0
4900,11383200,1938000,464653,546550,1011203,925650,1361449,2287099,6146898,0,1
5000,11620350,1938000,512721,551650,1064371,925650,1367399,2293049,6324930,0,2
5100,11857500,1938000,487266,672350,1159616,925650,1379299,2304949,6454935,0,12
5200,12094650,1938000,510514,490450,1000964,1029350,1394599,2423949,6731737,0,14
5300,12331800,1938000,492834,477700,970534,1029350,1402674,2432024,6991242,0,14
5400,12568950,1938000,512809,340850,853659,1029350,1414149,2443499,7333792,0,13
5500,12806100,1938000,501143,448800,949943,1029350,1422649,2451999,7466158,0,14
5600,13043250,1938000,514743,435200,949943,1068450,1435399,2503849,7651458,0,14
5700,13280400,1938000,515253,538900,1054153,1068450,1438799,2507249,7780998,0,15
5800,13517550,1938000,520863,569500,1090363,1119450,1445238,2564688,7924499,0,16
5900,13754700,1938000,496213,530400,1026613,1119450,1469038,2588488,8201599,0,15
6000,13991850,1938000,490879,525300,1016179,1182350,1495622,2677972,8359699,0,15
6100,14229000,1938000,850,0,850,1881050,1988435,3869485,8420665,0,15
6200,14466150,1938000,69275,850,70125,1881050,2156310,4037360,8420665,135,0
6300,14703300,1954150,230775,16150,246925,1881050,2199660,4080710,8421515,136,0
6400,14940450,2010250,308125,106250,414375,1881050,2213260,4094310,8421515,124,0
6500,15177600,2089300,302600,250750,553350,1881050,2227285,4108335,8426615,124,0
6600,15414750,2145400,321959,334050,656009,1881050,2249385,4130435,8482906,124,1
6700,15651900,2224450,323213,447100,770313,1901450,2264685,4166135,8491002,124,2
6800,15889050,2280550,353048,343400,696448,1901450,2268085,4169535,8742517,124,1
6900,16126200,2359600,363248,309400,672648,1901450,2270635,4172085,8921867,124,0
7000,16363350,2415700,382798,371450,754248,1901450,2274035,4175485,9017917,124,0
7100,16600500,2494750,386623,513400,900023,1901450,2276585,4178035,9027692,124,1
7200,16837650,2550850,407023,387600,794623,1901450,2279135,4180585,9311592,124,0
7300,17074800,2629900,405153,488750,893903,1901450,2291885,4193335,9357662,124,1
7400,17311950,2674950,404239,342550,746789,2059550,2320934,4380484,9509727,124,1
7500,17549100,2744650,377889,440300,818189,2059550,2371084,4430634,9555627,124,0
7600,17786250,2793950,392339,439450,831789,2059550,2397434,4456984,9703527,124,0
7700,18023400,2859400,404239,584800,989039,2059550,2406784,4466334,9708627,124,0
7800,18260550,2918050,423364,647700,1071064,2059550,2415709,4475259,9796177,124,0
7900,18497700,2994550,427253,787950,1215203,2059550,2422084,4481634,9806313,124,2
8000,18734850,3053200,422430,654500,1076930,2059550,2451834,4511384,10093336,124,4
8100,18972000,3129700,419541,589050,1008591,2059550,2469259,4528809,10304900,124,7
8200,19209150,3188350,432291,550800,983091,2102050,2487959,4590009,10447700,124,7
8300,19446300,3264850,432291,645150,1077441,2102050,2513693,4615743,10488266,124,8
8400,19683450,3323500,449950,556750,1006700,2102050,2515818,4617868,10735382,124,7
8500,19920600,3400000,453563,696150,1149713,2102050,2518793,4620843,10750044,124,10
8600,20157750,3458650,456538,622200,1078738,2102050,2521343,4623393,10996969,124,10
8700,20394900,3535150,457218,583100,1040318,2102050,2526443,4628493,11190939,124,9
8800,20632050,3590400,460597,434350,894947,2102050,2535368,4637418,11509285,124,9
8900,20869200,3666900,442938,356150,799088,2102050,2570877,4672927,11730285,124,8
9000,21106350,3725550,453988,369750,823738,2102050,2586177,4688227,11868835,124,7
9100,21343500,3802050,425,0,425,2558500,3065155,5623655,11917370,124,8
9200,21580650,3802050,45900,0,45900,2558500,3256830,5815330,11917370,158,0
9300,21817800,3802900,219300,17000,236300,2561050,3300180,5861230,11917370,123,0
9400,22054950,3819050,299200,127500,426700,2561050,3323980,5885030,11924170,114,0
9500,22292100,3876850,289850,275400,565250,2561050,3332480,5893530,11956470,131,0
9600,22529250,3876850,340850,329800,670650,2583150,3346080,5929230,12052520,0,0
9700,22766400,3876850,318729,473450,792179,2617150,3356280,5973430,12123941,0,1
9800,23003550,3876850,365628,416500,782128,2617150,3365630,5982780,12361792,0,1
9900,23240700,3876850,355003,377400,732403,2617150,3368605,5985755,12645692,0,0
10000,23477850,3876850,402603,406300,808903,2617150,3371155,5988305,12803792,0,0
