run_time       ,total_data     ,mutihop        ,sensor_data_origin,sensor_data_calc,sensor_data    ,uav_data_calc  ,uav_data_origin,uav_data       ,lost_data      ,connect_num    ,buffer_overflow_num
100,0,0,0,0,0,0,0,0,0,9,0
200,237150,0,199750,0,199750,0,37400,37400,0,186,0
300,474300,36550,327675,51000,378675,0,59075,59075,0,186,0
400,711450,158100,266475,217600,484075,0,69275,69275,0,186,0
500,948600,213350,350200,166600,516800,0,89250,89250,129200,186,0
600,1185750,348500,282625,289000,571625,28050,108375,136425,129200,186,0
700,1422900,409700,368900,238850,607750,28050,123250,151300,254150,186,0
800,1660050,546550,303769,330650,634419,72250,146625,218875,260206,186,1
900,1897200,607750,383669,154700,538369,72250,154275,226525,524556,186,0
1000,2134350,745450,346269,226100,572369,72250,156825,229075,587456,186,0
1100,2371500,806650,417244,211650,628894,72250,159800,232050,703906,186,0
1200,2608650,943500,363694,255850,619544,72250,174250,246500,799106,186,0
1300,2845800,1004700,419794,233750,653544,72250,191250,263500,924056,186,0
1400,3082950,1121150,359019,303450,662469,72250,230775,303025,996306,186,0
1500,3320100,1169600,424044,326400,750444,72250,250750,323000,1077056,186,0
1600,3557250,1283500,379419,396100,775519,72250,276675,348925,1149306,186,0
1700,3794400,1340450,434074,419050,853124,72250,296650,368900,1231926,186,1
1800,4031550,1443300,420368,295800,716168,97750,303025,400775,1471307,186,1
1900,4268700,1519800,466013,295800,761813,97750,315775,413525,1573562,186,1
2000,4505850,1638800,441641,331500,773141,112200,323850,436050,1657859,186,8
2100,4743000,1717000,468777,361250,830027,150450,349159,499609,1696364,186,8
2200,4980150,1836850,431717,431800,863517,150450,364884,515334,1764449,186,7
2300,5217300,1915900,465972,487900,953872,150450,380609,531059,1816469,186,8
2400,5454450,2035750,432610,386750,819360,150450,384009,534459,2064881,186,9
2500,5691600,2114800,482314,205700,688014,150450,385284,535734,2353052,186,9
2600,5928750,2234650,423579,275400,698979,150450,411634,562084,2433037,186,9
2700,6165900,2305200,440749,302600,743349,150450,449459,599909,2517442,186,9
2800,6403050,2406350,411339,368900,780239,150450,465184,615634,2600827,186,9
2900,6640200,2475200,438199,395250,833449,150450,493234,643684,2687867,186,10
3000,6877350,2575500,411764,294100,705864,150450,507684,658134,2937852,186,9
3100,7114500,2645200,0,0,0,424150,976143,1400293,3069007,186,9
3200,7351650,2645200,108800,0,108800,424150,1104493,1528643,3069007,175,0
3300,7588800,2645200,255850,40800,296650,436050,1141893,1577943,3069007,4,0
3400,7825950,2716600,282200,142800,425000,436050,1160593,1596643,3087707,204,0
3500,8063100,2820300,316200,207400,523600,436050,1169093,1605143,3114057,203,0
3600,8300250,2820300,333625,329800,663425,436050,1172068,1608118,3208407,0,0
3700,8537400,2820300,344250,527000,871250,436050,1180143,1616193,3229657,0,0
3800,8774550,2820300,353494,544850,898344,436050,1183968,1620018,3435888,0,1
3900,9011700,2820300,368433,564400,932833,436050,1183968,1620018,3638549,0,1
4000,9248850,2820300,369708,320450,690158,558450,1194487,1752937,3985455,0,1
4100,9486000,2820300,385369,292400,677769,669800,1200926,1870726,4117205,0,0
4200,9723150,2820300,399394,409700,809094,669800,1209851,1879651,4214105,0,0
4300,9960300,2820300,393444,500650,894094,669800,1237901,1907701,4338205,0,0
4400,10197450,2820300,404643,612850,1017493,669800,1250226,1920026,4439631,0,2
4500,10434600,2820300,408468,440300,848768,669800,1271051,1940851,4824681,0,0
4600,10671750,2820300,417818,454750,872568,669800,1283801,1953601,5025281,0,0
4700,10908900,2820300,444062,534650,978712,669800,1289326,1959126,5150762,0,1
4800,11146050,2820300,429782,566100,995882,669800,1316101,1985901,5343967,0,1
4900,11383200,2820300,451882,634950,1086832,669800,1326726,1996526,5479542,0,2
5000,11620350,2820300,423897,466650,890547,700400,1366676,2067076,5842427,0,6
5100,11857500,2820300,448739,532100,980839,700400,1373901,2074301,5982060,0,9
5200,12094650,2820300,437859,605200,1043059,700400,1386226,2086626,6144665,0,9
5300,12331800,2820300,465357,663850,1129207,700400,1388351,2088751,6293542,0,11
5400,12568950,2820300,458047,546550,1004597,700400,1391326,2091726,6652327,0,11
5500,12806100,2820300,456453,513400,969853,760750,1405925,2166675,6849272,0,11
5600,13043250,2820300,451204,319600,770804,874650,1408369,2283019,7169127,0,9
5700,13280400,2820300,468544,494700,963244,874650,1417294,2291944,7204912,0,9
5800,13517550,2820300,437264,524450,961714,874650,1451719,2326369,7409167,0,9
5900,13754700,2820300,448378,700400,1148778,874650,1460219,2334869,7450753,0,11
6000,13991850,2820300,443873,457300,901173,874650,1470419,2345069,7925308,0,9
6100,14229000,2820300,22334,0,22334,1377850,1918223,3296073,8090293,0,9
6200,14466150,2820300,71400,6800,78200,1377850,2098657,3476507,8091143,175,1
6300,14703300,2839850,236725,13600,250325,1377850,2141582,3519432,8093693,211,0
6400,14940450,2936750,294525,72250,366775,1382100,2161132,3543232,8093693,194,0
6500,15177600,3042150,310250,168300,478550,1382100,2169207,3551307,8105593,192,0
6600,15414750,3138200,328950,215900,544850,1385500,2176857,3562357,8169343,186,0
6700,15651900,3241050,340850,299200,640050,1385500,2179407,3564907,8205893,186,0
6800,15889050,3337100,349159,311950,661109,1385500,2190457,3575957,8314884,186,1
6900,16126200,3438250,341084,226100,567184,1385500,2210432,3595932,8524834,186,0
7000,16363350,3510500,358084,192950,551034,1385500,2238482,3623982,8677834,186,0
7100,16600500,3614200,339384,247350,586734,1385500,2266532,3652032,8747534,186,0
7200,16837650,3673700,384434,247350,631784,1388900,2278432,3667332,8864834,186,0
7300,17074800,3781650,376359,340000,716359,1388900,2290757,3679657,8897134,186,0
7400,17311950,3859000,394634,342550,737184,1388900,2312432,3701332,9014434,186,0
7500,17549100,3961850,379334,391000,770334,1427150,2340057,3767207,9049709,186,1
7600,17786250,4057900,388684,242250,630934,1427150,2366407,3793557,9303859,186,0
7700,18023400,4159050,399309,284750,684059,1427150,2371932,3799082,9381209,186,0
7800,18260550,4255950,430759,287300,718059,1427150,2374482,3801632,9484909,186,0
7900,18497700,4357950,432034,347650,779684,1427150,2376607,3803757,9556309,186,0
8000,18734850,4454000,456536,389300,845836,1427150,2378307,3805457,9629557,186,3
8100,18972000,4556850,439388,443700,883088,1427150,2394457,3821607,9710455,186,6
8200,19209150,4652050,447591,482800,930391,1427150,2405932,3833082,9793627,186,9
8300,19446300,4744700,418436,362950,781386,1427150,2441632,3868782,10051432,186,8
8400,19683450,4827150,445530,362950,808480,1427150,2449282,3876432,10171388,186,9
8500,19920600,4923200,425066,227800,652866,1427150,2473741,3900891,10443643,186,8
8600,20157750,5016700,450906,258400,709306,1427150,2478416,3905566,10526178,186,7
8700,20394900,5121250,421517,309400,730917,1427150,2506700,3933850,10608883,186,7
8800,20632050,5214750,414823,313650,728473,1455200,2543059,3998259,10690568,186,6
8900,20869200,5320150,397738,344250,741988,1480700,2582159,4062859,10744203,186,6
9000,21106350,5413650,421687,216750,638437,1480700,2589809,4070509,10983754,186,6
9100,21343500,5519050,0,0,0,1796050,3022291,4818341,11006109,186,6
9200,21580650,5519050,177225,0,177225,1796050,3082216,4878266,11006109,175,0
9300,21817800,5519050,297925,54400,352325,1824100,3116216,4940316,11006109,4,0
9400,22054950,5628700,271575,208250,479825,1824100,3116216,4940316,11006109,204,0
9500,22292100,5696700,363375,147900,511275,1824100,3128116,4952216,11131909,203,0
9600,22529250,5696700,287449,451350,738799,1824100,3137466,4961566,11132185,0,1
9700,22766400,5696700,381204,455600,836804,1824100,3150641,4974741,11258155,0,1
9800,23003550,5696700,301772,746300,1048072,1824100,3168491,4992591,11266187,0,3
9900,23240700,5696700,394847,216750,611597,1824100,3179116,5003216,11929187,0,0
10000,23477850,5696700,334922,411400,746322,1824100,3187191,5011291,12023537,0,0
