run_time       ,total_data     ,mutihop        ,sensor_data_origin,sensor_data_calc,sensor_data    ,uav_data_calc  ,uav_data_origin,uav_data       ,lost_data      ,connect_num    ,buffer_overflow_num
100,0,0,0,0,0,0,0,0,0,56,0
200,237150,0,201025,0,201025,0,36125,36125,0,270,0
300,474300,62900,330650,24650,355300,1700,54400,56100,0,273,0
400,711450,277100,260100,101150,361250,1700,69700,71400,1700,273,0
500,948600,351900,346375,60350,406725,1700,90525,92225,97750,273,0
600,1185750,543150,290700,141950,432650,1700,104550,106250,103700,273,0
700,1422900,629850,378675,75650,454325,1700,111775,113475,225250,273,0
800,1660050,826200,326400,153000,479400,1700,117300,119000,235450,273,0
900,1897200,923950,377825,85000,462825,1700,151725,153425,357000,273,0
1000,2134350,1120300,342550,147050,489600,1700,155550,157250,367200,273,0
1100,2371500,1221450,422875,95200,518075,1700,158525,160225,471750,273,0
1200,2608650,1421200,371025,171700,542725,1700,161075,162775,481950,273,0
1300,2845800,1521500,450500,108800,559300,1700,163200,164900,600100,273,0
1400,3082950,1720400,382500,186150,568650,1700,181900,183600,610300,273,0
1500,3320100,1819850,448375,119850,568225,1700,198475,200175,731850,273,0
1600,3557250,2000900,378675,192100,570775,6800,236725,243525,742050,273,0
1700,3794400,2096950,442850,78200,521050,49300,263500,312800,863600,273,0
1800,4031550,2287350,383775,158100,541875,49300,289425,338725,863600,273,0
1900,4268700,2377450,453475,95200,548675,49300,308125,357425,985150,273,0
2000,4505850,2557650,412613,169150,581763,49300,317475,366775,999662,273,7
2100,4743000,2656250,477022,106250,583272,49300,326400,375700,1127778,273,8
2200,4980150,2839850,428572,137700,566272,91800,337450,429250,1144778,273,8
2300,5217300,2949500,485097,71400,556497,91800,346375,438175,1273128,273,8
2400,5454450,3129700,456622,137700,594322,91800,348500,440300,1290128,273,8
2500,5691600,3242750,504031,90100,594131,91800,351475,443275,1411444,273,9
2600,5928750,3429750,469181,155550,624731,91800,353175,444975,1429294,273,9
2700,6165900,3543650,515081,101150,616231,91800,356575,448375,1557644,273,9
2800,6403050,3728950,454349,167450,621799,91800,383775,475575,1576726,273,11
2900,6640200,3832650,502374,112200,614574,91800,393550,485350,1707626,273,11
3000,6877350,4006900,465399,178500,643899,91800,407575,499375,1727176,273,11
3100,7114500,4114000,2550,0,2550,215050,924824,1139874,1858076,273,11
3200,7351650,4115700,58225,850,59075,215050,1103749,1318799,1858076,260,0
3300,7588800,4115700,229075,22100,251175,218450,1144549,1362999,1858926,33,0
3400,7825950,4144600,300900,129200,430100,218450,1160274,1378724,1872526,117,0
3500,8063100,4144600,300475,216750,517225,356150,1168349,1524499,1876776,1,0
3600,8300250,4144600,332775,211650,544425,356150,1177699,1533849,2077376,0,0
3700,8537400,4144600,317029,425850,742879,373150,1197249,1570399,2079522,0,1
3800,8774550,4144600,351454,211650,563104,373150,1208724,1581874,2484972,0,0
3900,9011700,4144600,352304,383350,735654,373150,1215524,1588674,2542772,0,0
4000,9248850,4144600,385029,237150,622179,373150,1219349,1592499,2889572,0,0
4100,9486000,4144600,388429,457300,845729,373150,1221899,1595049,2900622,0,0
4200,9723150,4144600,409594,391850,801444,373150,1223174,1596324,3180782,0,1
4300,9960300,4144600,410550,207400,617950,578850,1227318,1806168,3391582,0,0
4400,10197450,4144600,422025,265200,687225,578850,1245593,1824443,3541182,0,0
4500,10434600,4144600,408000,414800,822800,578850,1271518,1850368,3616832,0,0
4600,10671750,4144600,434074,450500,884574,590750,1281293,1872043,3770533,0,1
4700,10908900,4144600,425149,321300,746449,632400,1302118,1934518,4083333,0,0
4800,11146050,4144600,444274,301750,746024,641750,1315293,1957043,4298383,0,0
4900,11383200,4144600,441724,314500,756224,641750,1339093,1980843,4501533,0,0
5000,11620350,4144600,460467,313650,774117,641750,1345468,1987218,4714415,0,2
5100,11857500,4144600,430655,400350,831005,641750,1389286,2031036,4850859,0,11
5200,12094650,4144600,431760,461550,893310,641750,1399486,2041236,5015504,0,10
5300,12331800,4144600,450035,342550,792585,641750,1401611,2043361,5351254,0,9
5400,12568950,4144600,452585,350200,802785,641750,1406711,2048461,5573104,0,9
5500,12806100,4144600,453435,360400,813835,641750,1418611,2060361,5787304,0,9
5600,13043250,4144600,459810,351900,811710,641750,1428386,2070136,6016804,0,9
5700,13280400,4144600,476385,362950,839335,641750,1432211,2073961,6222504,0,9
5800,13517550,4144600,481910,430100,912010,641750,1433486,2075236,6385704,0,9
5900,13754700,4144600,481931,247350,729281,907800,1439415,2347215,6533604,0,10
6000,13991850,4144600,467906,303450,771356,907800,1466190,2373990,6701904,0,9
6100,14229000,4144600,2550,0,2550,1356600,1953646,3310246,6771604,0,9
6200,14466150,4147150,80325,0,80325,1356600,2110471,3467071,6771604,298,0
6300,14703300,4175200,242675,4250,246925,1356600,2152971,3509571,6771604,284,0
6400,14940450,4301850,289425,45900,335325,1357450,2174221,3531671,6771604,277,0
6500,15177600,4456550,307275,59500,366775,1357450,2192071,3549521,6804754,273,0
6600,15414750,4587450,329375,96050,425425,1357450,2193771,3551221,6850654,273,0
6700,15651900,4740450,351900,117300,469200,1357450,2195896,3553346,6888904,273,0
6800,15889050,4888350,342975,79050,422025,1385500,2211621,3597121,6981554,273,0
6900,16126200,5039650,347650,126650,474300,1385500,2234996,3620496,6991754,273,0
7000,16363350,5182450,364650,107100,471750,1385500,2237546,3623046,7086104,273,0
7100,16600500,5325250,388025,164900,552925,1385500,2240521,3626021,7096304,273,0
7200,16837650,5481650,391850,118150,510000,1385500,2242646,3628146,7217854,273,0
7300,17074800,5624450,416075,175100,591175,1385500,2245621,3631121,7228054,273,0
7400,17311950,5780850,399500,130050,529550,1385500,2267296,3652796,7348754,273,0
7500,17549100,5921950,422025,187000,609025,1385500,2273671,3659171,7358954,273,0
7600,17786250,6066450,387175,136000,523175,1385500,2330621,3716121,7480504,273,0
7700,18023400,6221150,397375,178500,575875,1385500,2350171,3735671,7490704,273,0
7800,18260550,6351200,404175,136000,540175,1395700,2380771,3776471,7592704,273,0
7900,18497700,6493150,399500,205700,605200,1395700,2410946,3806646,7592704,273,0
8000,18734850,6629150,432884,148750,581634,1395700,2412646,3808346,7715720,273,1
8100,18972000,6780450,423811,226100,649911,1395700,2427521,3823221,7718418,273,4
8200,19209150,6919850,434479,159800,594279,1395700,2444521,3840221,7854800,273,6
8300,19446300,7050750,450629,237150,687779,1395700,2452171,3847871,7859900,273,6
8400,19683450,7198650,465313,170850,636163,1395700,2455571,3851271,7997366,273,7
8500,19920600,7344000,471688,248200,719888,1395700,2457696,3853396,8003316,273,7
8600,20157750,7497850,482313,181050,663363,1395700,2459821,3855521,8141016,273,7
8700,20394900,7644050,469797,259250,729047,1395700,2478521,3874221,8147582,273,8
8800,20632050,7796200,465590,192100,657690,1395700,2495096,3890796,8287364,273,10
8900,20869200,7924550,457090,260100,717190,1405900,2525696,3931596,8295864,273,10
9000,21106350,8074150,443256,111350,554606,1495150,2556530,4051680,8425914,273,10
9100,21343500,8211000,2550,0,2550,1674500,3021886,4696386,8433564,273,9
9200,21580650,8212700,47175,0,47175,1675350,3211861,4887211,8433564,260,0
9300,21817800,8212700,218025,15300,233325,1678750,3259461,4938211,8433564,33,0
9400,22054950,8245850,316200,106250,422450,1678750,3264136,4942886,8443764,117,0
9500,22292100,8245850,295375,351900,647275,1678750,3272211,4950961,8448014,1,0
9600,22529250,8245850,336600,198900,535500,1678750,3285386,4964136,8783764,0,0
9700,22766400,8245850,307424,425850,733274,1678750,3305786,4984536,8802740,0,1
9800,23003550,8245850,355449,285600,641049,1678750,3315561,4994311,9122340,0,0
9900,23240700,8245850,346949,333200,680149,1678750,3318111,4996861,9317840,0,0
10000,23477850,8245850,390724,306850,697574,1678750,3321086,4999836,9534590,0,0
