run_time       ,total_data     ,mutihop        ,sensor_data_origin,sensor_data_calc,sensor_data    ,uav_data_calc  ,uav_data_origin,uav_data       ,lost_data      ,connect_num    ,buffer_overflow_num
100,0,0,0,0,0,0,0,0,0,39,0
200,237150,0,205700,0,205700,0,31450,31450,0,141,0
300,474300,28900,331925,62050,393975,0,51425,51425,0,141,0
400,711450,125800,260525,261800,522325,0,63325,63325,0,141,0
500,948600,163200,350200,136850,487050,0,84150,84150,214200,141,0
600,1185750,255000,290700,328100,618800,0,97750,97750,214200,141,0
700,1422900,311100,359550,189550,549100,0,127500,127500,435200,141,0
800,1660050,409700,301750,365500,667250,0,147900,147900,435200,141,0
900,1897200,465800,390979,255850,646829,0,150025,150025,634546,141,1
1000,2134350,564400,348054,275400,623454,0,152150,152150,794346,141,0
1100,2371500,619650,418179,175100,593279,0,155125,155125,1003446,141,0
1200,2608650,718250,375254,354450,729704,0,157250,157250,1003446,141,0
1300,2845800,774350,435179,235450,670629,0,169575,169575,1231246,141,0
1400,3082950,861050,363779,276250,640029,139400,211225,350625,1231246,141,0
1500,3320100,905250,433139,260100,693239,139400,226525,365925,1355686,141,1
1600,3557250,990250,397354,382500,779854,139400,239275,378675,1408471,141,1
1700,3794400,1040400,460679,184450,645129,139400,248200,387600,1721271,141,0
1800,4031550,1128800,413929,227800,641729,139400,278800,418200,1842821,141,0
1900,4268700,1195100,455154,181050,636204,139400,305575,444975,1992421,141,0
2000,4505850,1283500,403476,224400,627876,139400,337875,477275,2117199,141,8
2100,4743000,1349800,438751,184450,623201,139400,364650,504050,2265949,141,8
2200,4980150,1438200,423876,254150,678026,139400,366775,506175,2357749,141,8
2300,5217300,1504500,468076,247350,715426,139400,369325,508725,2488649,141,8
2400,5454450,1592050,436435,331500,767935,139400,371450,510850,2583615,141,9
2500,5691600,1658350,479785,324700,804485,139400,374000,513400,2715365,141,9
2600,5928750,1746750,448080,389300,837380,139400,376125,515525,2829095,141,10
2700,6165900,1813050,464655,279650,744305,243950,403750,647700,2960845,141,10
2800,6403050,1889550,415355,242250,657605,281350,435200,716550,3139345,141,9
2900,6640200,1939700,467630,141950,609580,281350,452625,733975,3356945,141,9
3000,6877350,2015350,429380,315350,744730,281350,471325,752675,3364595,141,9
3100,7114500,2062100,4250,0,4250,483650,963605,1447255,3600895,141,9
3200,7351650,2062100,87550,2550,90100,485350,1113205,1598555,3600895,40,0
3300,7588800,2062100,235450,37400,272850,488750,1161655,1650405,3603445,41,0
3400,7825950,2062100,293675,162350,456025,510000,1181630,1691630,3616195,0,0
3500,8063100,2062100,306425,299200,605625,528700,1197780,1726480,3668895,0,0
3600,8300250,2062100,324275,338300,662575,528700,1213080,1741780,3833795,0,0
3700,8537400,2062100,334900,434350,769250,528700,1215205,1743905,3962145,0,0
3800,8774550,2062100,357489,436050,793539,528700,1217755,1746455,4172456,0,1
3900,9011700,2062100,362164,342550,704714,528700,1219880,1748580,4496306,0,0
4000,9248850,2062100,386814,299200,686014,572900,1221580,1794480,4706256,0,0
4100,9486000,2062100,380014,340850,720864,635800,1232630,1868430,4834606,0,0
4200,9723150,2062100,387239,312800,700039,635800,1259405,1895205,5065806,0,0
4300,9960300,2062100,391064,354450,745514,753100,1269180,2022280,5130406,0,0
4400,10197450,2062100,416479,432650,849129,753100,1279380,2032480,5253741,0,1
4500,10434600,2062100,415204,317050,732254,753100,1289155,2042255,5597991,0,0
4600,10671750,2062100,442829,351050,793879,753100,1298930,2052030,5763741,0,0
4700,10908900,2062100,450904,311950,762854,753100,1306155,2059255,6024691,0,0
4800,11146050,2062100,470029,385900,855929,753100,1314230,2067330,6160691,0,0
4900,11383200,2062100,479379,368900,848279,753100,1323580,2076680,6396141,0,0
5000,11620350,2062100,449142,447100,896242,753100,1372455,2125555,6536453,0,7
5100,11857500,2062100,455135,421600,876735,753100,1386480,2139580,6779085,0,9
5200,12094650,2062100,442959,495550,938509,753100,1414955,2168055,6925986,0,11
5300,12331800,2062100,458259,303450,761709,753100,1420055,2173155,7334836,0,10
5400,12568950,2062100,464634,358700,823334,753100,1422180,2175280,7508236,0,10
5500,12806100,2062100,473984,311950,785934,753100,1424730,2177830,7780236,0,10
5600,13043250,2062100,477384,406300,883684,753100,1424730,2177830,7919636,0,10
5700,13280400,2062100,477809,333200,811009,797300,1434505,2231805,8175486,0,10
5800,13517550,2062100,447209,340000,787209,918000,1474455,2392455,8275786,0,10
5900,13754700,2062100,456559,349350,805909,974100,1487205,2461305,8425386,0,10
6000,13991850,2062100,458344,412250,870594,975800,1496555,2472355,8586801,0,11
6100,14229000,2062100,0,0,0,1325150,1974449,3299599,8867301,0,10
6200,14466150,2062100,64175,0,64175,1325150,2147424,3472574,8867301,84,0
6300,14703300,2083350,233750,8500,242250,1325150,2185249,3510399,8867301,139,0
6400,14940450,2143700,303450,96050,399500,1325150,2204799,3529949,8867301,139,0
6500,15177600,2227000,293250,161500,454750,1325150,2222649,3547799,8948051,141,0
6600,15414750,2298400,334475,260100,594575,1325150,2234124,3559274,8962501,141,0
6700,15651900,2381700,329800,232050,561850,1325150,2236249,3561399,9146951,141,0
6800,15889050,2452250,368050,342550,710600,1325150,2238799,3563949,9162251,141,0
6900,16126200,2534700,357000,300050,657050,1325150,2240499,3565649,9368801,141,0
7000,16363350,2606100,395314,408850,804164,1325150,2242624,3567774,9385312,141,1
7100,16600500,2689400,373639,136000,509639,1388900,2255799,3644699,9756762,141,0
7200,16837650,2749750,386814,215050,601864,1419500,2294474,3713974,9772062,141,0
7300,17074800,2822000,378314,226950,605264,1419500,2308074,3727574,9919962,141,0
7400,17311950,2880650,415289,331500,746789,1419500,2328899,3748399,9936112,141,0
7500,17549100,2944400,407214,289000,696214,1419500,2343774,3763274,10145212,141,0
7600,17786250,3008150,451159,394400,845559,1419500,2350574,3770074,10162467,141,1
7700,18023400,3077850,435774,347650,783424,1419500,2364599,3784099,10378027,141,1
7800,18260550,3157750,449799,262650,712449,1419500,2392224,3811724,10578627,141,0
7900,18497700,3232550,448099,181900,629999,1419500,2411774,3831274,10803877,141,0
8000,18734850,3312450,479210,257550,736760,1419500,2414749,3834249,10851391,141,4
8100,18972000,3386400,473389,204850,678239,1419500,2416874,3836374,11070987,141,10
8200,19209150,3466300,491239,317050,808289,1419500,2419424,3838924,11095637,141,10
8300,19446300,3541100,469564,264350,733914,1419500,2435999,3855499,11315787,141,10
8400,19683450,3621000,480614,270300,750914,1524900,2445349,3970249,11341287,141,10
8500,19920600,3691550,437923,289850,727773,1558900,2484874,4043774,11457503,141,11
8600,20157750,3756150,462233,339150,801383,1558900,2495924,4054824,11545393,141,12
8700,20394900,3827550,447018,386750,833768,1558900,2509949,4068849,11664733,141,12
8800,20632050,3891300,466993,218450,685443,1558900,2522274,4081174,11974133,141,11
8900,20869200,3960150,409766,244800,654566,1558900,2582901,4141801,12112683,141,11
9000,21106350,4016250,423557,226950,650507,1558900,2611610,4170510,12269083,141,8
9100,21343500,4095300,850,0,850,1808800,3034317,4843117,12404233,141,7
9200,21580650,4095300,68000,0,68000,1809650,3203467,5013117,12404233,40,0
9300,21817800,4095300,234600,28900,263500,1812200,3242567,5054767,12404233,41,0
9400,22054950,4095300,325550,147050,472600,1828350,3245117,5073467,12413583,0,0
9500,22292100,4095300,307700,340850,648550,1828350,3251067,5079417,12468833,0,0
9600,22529250,4095300,352750,419900,772650,1828350,3251067,5079417,12581883,0,0
9700,22766400,4095300,328950,378250,707200,1872550,3260417,5132967,12830933,0,0
9800,23003550,4095300,360825,352750,713575,1993250,3278692,5271942,12922733,0,0
9900,23240700,4095300,335899,374850,710749,2068900,3292717,5361617,13073034,0,1
10000,23477850,4095300,391574,198900,590474,2070600,3300792,5371392,13420684,0,0
