run_time       ,total_data     ,mutihop        ,sensor_data_origin,sensor_data_calc,sensor_data    ,uav_data_calc  ,uav_data_origin,uav_data       ,lost_data      ,connect_num    ,buffer_overflow_num
100,0,0,0,0,0,0,0,0,0,150,0
200,237150,0,215900,0,215900,0,21250,21250,0,237,0
300,474300,57800,355300,38250,393550,0,22950,22950,0,238,0
400,711450,255000,272850,158950,431800,0,24650,24650,0,238,0
500,948600,320450,382500,60350,442850,0,26350,26350,158950,238,0
600,1185750,517650,300050,179350,479400,0,28050,28050,160650,238,0
700,1422900,583100,409700,60350,470050,0,29750,29750,340000,238,0
800,1660050,780300,327250,179350,506600,0,31450,31450,341700,238,0
900,1897200,845750,436900,60350,497250,0,33150,33150,521050,238,0
1000,2134350,1042950,354450,179350,533800,0,34850,34850,522750,238,0
1100,2371500,1108400,464100,60350,524450,0,36550,36550,702100,238,0
1200,2608650,1305600,381650,179350,561000,0,38250,38250,703800,238,0
1300,2845800,1371050,491300,60350,551650,0,39950,39950,883150,238,0
1400,3082950,1568250,408850,179350,588200,0,41650,41650,884850,238,0
1500,3320100,1633700,518500,60350,578850,0,43350,43350,1064200,238,0
1600,3557250,1830900,436050,179350,615400,0,45050,45050,1065900,238,0
1700,3794400,1896350,545700,60350,606050,0,46750,46750,1245250,238,0
1800,4031550,2093550,463250,179350,642600,0,48450,48450,1246950,238,0
1900,4268700,2159000,572900,60350,633250,0,50150,50150,1426300,238,0
2000,4505850,2356200,480594,179350,659944,0,51850,51850,1437856,238,16
2100,4743000,2421650,576644,60350,636994,0,53550,53550,1630806,238,16
2200,4980150,2618850,480594,179350,659944,0,55250,55250,1646106,238,16
2300,5217300,2684300,576644,60350,636994,0,56950,56950,1839056,238,16
2400,5454450,2881500,480594,179350,659944,0,58650,58650,1854356,238,16
2500,5691600,2946950,578344,60350,638694,0,58650,58650,2047306,238,16
2600,5928750,3145000,480594,179350,659944,850,60350,61200,2062606,238,16
2700,6165900,3210450,576644,60350,636994,850,62050,62900,2255556,238,16
2800,6403050,3407650,480594,179350,659944,850,63750,64600,2270856,238,16
2900,6640200,3473100,576644,60350,636994,850,65450,66300,2463806,238,16
3000,6877350,3670300,480594,179350,659944,850,67150,68000,2479106,238,16
3100,7114500,3735750,18934,1700,20634,59500,626560,686060,2672056,238,16
3200,7351650,3735750,198709,5100,203809,59500,679685,739185,2672906,197,1
3300,7588800,3738300,323234,65450,388684,73950,709010,782960,2678856,81,1
3400,7825950,3836900,274359,215900,490259,73950,720485,794435,2704356,188,1
3500,8063100,3836900,384859,79050,463909,119000,723035,842035,2920256,0,1
3600,8300250,3836900,312184,297500,609684,202300,725160,927460,2926206,0,1
3700,8537400,3836900,411634,239700,651334,202300,726860,929160,3120006,0,1
3800,8774550,3836900,338534,461550,800084,202300,728560,930860,3206706,0,1
3900,9011700,3836900,437134,404600,841734,202300,730260,932560,3400506,0,1
4000,9248850,3836900,364034,503200,867234,202300,731960,934260,3610456,0,1
4100,9486000,3836900,462634,446250,908884,202300,733660,935960,3804256,0,1
4200,9723150,3836900,389534,544850,934384,202300,735360,937660,4014206,0,1
4300,9960300,3836900,488134,487900,976034,202300,737060,939360,4208006,0,1
4400,10197450,3836900,412718,586500,999218,202300,738760,941060,4420272,0,2
4500,10434600,3836900,512168,350200,862368,202300,740460,942760,4792572,0,1
4600,10671750,3836900,439918,442000,881918,202300,742160,944460,5008472,0,1
4700,10908900,3836900,539368,356150,895518,202300,743860,946160,5230322,0,1
4800,11146050,3836900,466268,454750,921018,202300,745560,947860,5440272,0,1
4900,11383200,3836900,564868,397800,962668,202300,747260,949560,5634072,0,1
5000,11620350,3836900,483760,496400,980160,202300,748960,951260,5852030,0,14
5100,11857500,3836900,570694,439450,1010144,202300,750660,952960,6057496,0,15
5200,12094650,3836900,485694,538050,1023744,202300,752360,954660,6279346,0,15
5300,12331800,3836900,571778,481100,1052878,202300,754060,956360,6485662,0,16
5400,12568950,3836900,485928,579700,1065628,202300,755760,958060,6708362,0,16
5500,12806100,3836900,571778,522750,1094528,202300,757460,959760,6914912,0,16
5600,13043250,3836900,483463,621350,1104813,202300,759160,961460,7140077,0,17
5700,13280400,3836900,570163,385900,956063,202300,760860,963160,7524277,0,16
5800,13517550,3836900,485163,477700,962863,202300,762560,964860,7752927,0,16
5900,13754700,3836900,571863,391850,963713,202300,764260,966560,7987527,0,16
6000,13991850,3836900,486013,490450,976463,202300,765960,968260,8210227,0,16
6100,14229000,3836900,1700,0,1700,635800,1337823,1973623,8416777,0,16
6200,14466150,3836900,71400,1700,73100,635800,1503573,2139373,8416777,193,0
6300,14703300,3860700,271575,7650,279225,635800,1509098,2144898,8418477,317,0
6400,14940450,3978000,330225,65450,395675,635800,1512498,2148298,8418477,254,0
6500,15177600,4125050,303875,139400,443275,635800,1514198,2149998,8459277,235,0
6600,15414750,4238100,359975,95200,455175,635800,1515898,2151698,8569777,238,0
6700,15651900,4387700,331075,147900,478975,635800,1517598,2153398,8631827,238,0
6800,15889050,4500750,387175,95200,482375,635800,1519298,2155098,8750827,238,0
6900,16126200,4650350,358275,147900,506175,635800,1520998,2156798,8812877,238,0
7000,16363350,4763400,414375,95200,509575,635800,1522698,2158498,8931877,238,0
7100,16600500,4913000,385475,147900,533375,635800,1524398,2160198,8993927,238,0
7200,16837650,5026050,441575,95200,536775,635800,1526098,2161898,9112927,238,0
7300,17074800,5175650,412675,147900,560575,635800,1527798,2163598,9174977,238,0
7400,17311950,5288700,468775,95200,563975,635800,1529498,2165298,9293977,238,0
7500,17549100,5438300,439875,147900,587775,635800,1531198,2166998,9356027,238,0
7600,17786250,5551350,495975,95200,591175,635800,1532898,2168698,9475027,238,0
7700,18023400,5700950,467075,147900,614975,635800,1534598,2170398,9537077,238,0
7800,18260550,5814000,523175,95200,618375,635800,1536298,2172098,9656077,238,0
7900,18497700,5963600,494275,147900,642175,635800,1537998,2173798,9718127,238,0
8000,18734850,6076650,547295,95200,642495,635800,1539698,2175498,9840207,238,5
8100,18972000,6226250,507369,147900,655269,635800,1541398,2177198,9913283,238,16
8200,19209150,6339300,549869,95200,645069,635800,1543098,2178898,10045883,238,16
8300,19446300,6488900,507369,147900,655269,635800,1544798,2180598,10121533,238,16
8400,19683450,6601950,549869,95200,645069,635800,1546498,2182298,10254133,238,16
8500,19920600,6751550,507369,147900,655269,635800,1548198,2183998,10329783,238,16
8600,20157750,6864600,549869,95200,645069,635800,1549898,2185698,10462383,238,16
8700,20394900,7014200,507369,147900,655269,635800,1551598,2187398,10538033,238,16
8800,20632050,7127250,549869,95200,645069,635800,1553298,2189098,10670633,238,16
8900,20869200,7276850,507369,147900,655269,635800,1554998,2190798,10746283,238,16
9000,21106350,7389900,549869,95200,645069,635800,1556698,2192498,10878883,238,16
9100,21343500,7539500,39568,1700,41268,782000,2026199,2808199,10954533,238,16
9200,21580650,7541200,179818,5100,184918,784550,2113749,2898299,10956233,197,2
9300,21817800,7541200,314118,58650,372768,794750,2146049,2940799,10963033,81,2
9400,22054950,7620250,307318,157250,464568,794750,2153699,2948449,11021683,188,2
9500,22292100,7620250,379993,254150,634143,850000,2156674,3006674,11031033,0,2
9600,22529250,7620250,337918,238850,576768,924800,2158799,3083599,11248633,0,2
9700,22766400,7620250,405918,387600,793518,924800,2160499,3085299,11267333,0,2
9800,23003550,7620250,362568,414800,777368,924800,2162199,3086999,11518933,0,2
9900,23240700,7620250,429718,506600,936318,924800,2163899,3088699,11595433,0,2
10000,23477850,7620250,386368,456450,842818,924800,2165599,3090399,11924383,0,2
