run_time       ,total_data     ,mutihop        ,sensor_data_origin,sensor_data_calc,sensor_data    ,uav_data_calc  ,uav_data_origin,uav_data       ,lost_data      ,connect_num    ,buffer_overflow_num
100,0,0,0,0,0,0,0,0,0,22,0
200,237150,0,210800,0,210800,0,26350,26350,0,246,0
300,474300,57800,333625,37400,371025,0,45475,45475,0,246,0
400,711450,242250,258400,150450,408850,0,60350,60350,0,246,0
500,948600,306000,354025,121550,475575,0,76925,76925,90100,246,0
600,1185750,487050,286450,224400,510850,7650,90100,97750,90100,246,0
700,1422900,566100,365925,178500,544425,7650,110075,117725,194650,246,0
800,1660050,737800,315775,282200,597975,7650,121125,128775,195500,246,0
900,1897200,815150,391000,254150,645150,7650,136000,143650,293250,246,0
1000,2134350,982600,357425,345950,703375,7650,139825,147475,300900,246,0
1100,2371500,1076100,428634,309400,738034,7650,141950,149600,407766,246,1
1200,2608650,1250350,378909,241400,620309,7650,153425,161075,576916,246,0
1300,2845800,1346400,447334,205700,653034,7650,156400,164050,682316,246,0
1400,3082950,1520650,407384,299200,706584,7650,158100,165750,689966,246,0
1500,3320100,1616700,445209,266050,711259,7650,189975,197625,794516,246,0
1600,3557250,1772250,402284,360400,762684,7650,212500,220150,802166,246,0
1700,3794400,1859800,450734,326400,777134,7650,241400,249050,908416,246,0
1800,4031550,2017900,414163,420750,834913,7650,254150,261800,916937,246,1
1900,4268700,2107150,466098,375700,841798,15300,280075,295375,1024377,246,2
2000,4505850,2278000,403816,466650,870466,15300,309209,324509,1032875,246,10
2100,4743000,2376600,458896,247350,706246,15300,327909,343209,1316945,246,8
2200,4980150,2532150,418011,335750,753761,15300,343209,358509,1335730,246,8
2300,5217300,2622250,486500,273700,760200,15300,345334,360634,1474216,246,9
2400,5454450,2788000,440324,362950,803274,15300,356809,372109,1491067,246,10
2500,5691600,2890850,493279,319600,812879,15300,358934,374234,1613637,246,10
2600,5928750,3054900,464294,411400,875694,15300,360634,375934,1622222,246,10
2700,6165900,3161150,502374,379950,882324,15300,363184,378484,1743942,246,10
2800,6403050,3324350,459364,471750,931114,15300,379759,395059,1752527,246,10
2900,6640200,3429750,499994,438600,938594,15300,381459,396759,1875097,246,10
3000,6877350,3594650,444659,530400,975059,15300,408659,423959,1883682,246,10
3100,7114500,3692400,1275,0,1275,515100,900918,1416018,2004807,246,11
3200,7351650,3692400,60350,0,60350,515950,1078143,1594093,2004807,164,0
3300,7588800,3692400,220575,22950,243525,523600,1124468,1648068,2004807,22,0
3400,7825950,3692400,297925,129200,427125,538050,1147418,1685468,2020957,1,0
3500,8063100,3692400,295800,349350,645150,538050,1152093,1690143,2035407,0,0
3600,8300250,3692400,334475,284750,619225,561000,1165268,1726268,2262357,0,0
3700,8537400,3692400,321300,512550,833850,561000,1173343,1734343,2276807,0,0
3800,8774550,3692400,356575,507450,864025,561000,1187368,1748368,2469757,0,0
3900,9011700,3692400,351900,725900,1077800,561000,1196293,1757293,2484207,0,0
4000,9248850,3692400,374638,718250,1092888,561000,1210318,1771318,2692244,0,2
4100,9486000,3692400,382713,573750,956463,561000,1218393,1779393,3057744,0,0
4200,9723150,3692400,416713,489600,906313,561000,1220943,1781943,3342494,0,0
4300,9960300,3692400,418838,650250,1069088,561000,1223068,1784068,3414744,0,0
4400,10197450,3692400,446272,634950,1081222,561000,1224768,1785768,3638060,0,1
4500,10434600,3692400,445847,694450,1140297,561000,1226893,1787893,3814010,0,0
4600,10671750,3692400,455558,645150,1100708,589900,1244552,1834452,4044190,0,1
4700,10908900,3692400,450458,684250,1134708,589900,1258152,1848052,4233740,0,0
4800,11146050,3692400,470093,493850,963943,702950,1277702,1980652,4509055,0,1
4900,11383200,3692400,473174,467500,940674,737800,1283971,2021771,4728355,0,0
5000,11620350,3692400,490451,442000,932451,737800,1299696,2037496,4958003,0,3
5100,11857500,3692400,490517,650250,1140767,737800,1305646,2043446,4980887,0,12
5200,12094650,3692400,478171,628150,1106321,737800,1336055,2073855,5222074,0,15
5300,12331800,3692400,478001,662150,1140151,737800,1345405,2083205,5416044,0,13
5400,12568950,3692400,474707,612850,1087557,737800,1369864,2107664,5681329,0,13
5500,12806100,3692400,465187,822800,1287987,737800,1381764,2119564,5706149,0,12
5600,13043250,3692400,476471,809200,1285671,737800,1392389,2130189,5934990,0,13
5700,13280400,3692400,465761,842350,1308111,737800,1406414,2144214,6135675,0,13
5800,13517550,3692400,489710,620500,1110210,737800,1411939,2149739,6565201,0,13
5900,13754700,3692400,481890,612850,1094740,737800,1420439,2158239,6809321,0,12
6000,13991850,3692400,501780,563550,1065330,737800,1422564,2160364,7073756,0,12
6100,14229000,3692400,1275,0,1275,1514700,1922049,3436749,7098576,0,12
6200,14466150,3692400,98175,850,99025,1514700,2061449,3576149,7098576,165,0
6300,14703300,3721300,259675,12750,272425,1514700,2096299,3610999,7098576,245,0
6400,14940450,3855600,302600,68850,371450,1514700,2100124,3614824,7098576,246,0
6500,15177600,3986500,307275,146200,453475,1514700,2120949,3635649,7101976,246,0
6600,15414750,4125050,312375,155550,467925,1514700,2131999,3646699,7175076,246,0
6700,15651900,4256800,338725,209100,547825,1514700,2143899,3658599,7188676,246,0
6800,15889050,4390250,332775,227800,560575,1514700,2160049,3674749,7263476,246,0
6900,16126200,4505850,368475,241400,609875,1551250,2171949,3723199,7287276,246,0
7000,16363350,4645250,352750,290700,643450,1551250,2187674,3738924,7335726,246,0
7100,16600500,4764250,379079,323000,702079,1551250,2204674,3755924,7378247,246,1
7200,16837650,4907050,376529,204000,580529,1551250,2206374,3757624,7592447,246,0
7300,17074800,5031150,406279,170850,577129,1567400,2219974,3787374,7679147,246,0
7400,17311950,5177350,390554,222700,613254,1567400,2235699,3803099,7718247,246,0
7500,17549100,5301450,433479,236300,669779,1567400,2237824,3805224,7772647,246,0
7600,17786250,5447650,423279,299200,722479,1567400,2240374,3807774,7808347,246,0
7700,18023400,5570050,438558,306850,745408,1567400,2265024,3832424,7875518,246,1
7800,18260550,5712000,407894,250750,658644,1682150,2292203,3974353,7915553,246,1
7900,18497700,5820800,414099,187850,601949,1745900,2337678,4083578,7991373,246,1
8000,18734850,5970400,406407,229500,635907,1745900,2350003,4095903,8032640,246,3
8100,18972000,6086000,430696,232900,663596,1745900,2365728,4111628,8110776,246,4
8200,19209150,6222850,421495,168300,589795,1861500,2381028,4242528,8153977,246,5
8300,19446300,6335900,452775,165750,618525,1861500,2397178,4258678,8233197,246,5
8400,19683450,6488050,425958,205700,631658,1887000,2423528,4310528,8253214,246,7
8500,19920600,6606200,469138,224400,693538,1887000,2425228,4312228,8308634,246,7
8600,20157750,6758350,447803,288150,735953,1887000,2431178,4318178,8345269,246,7
8700,20394900,6876500,485883,315350,801233,1887000,2431178,4318178,8398989,246,7
8800,20632050,7029500,464931,349350,814281,1887000,2433303,4320303,8467966,246,9
8900,20869200,7147650,479445,204000,683445,1887000,2451153,4338153,8699952,246,9
9000,21106350,7298950,463444,215050,678494,1887000,2453703,4340703,8788203,246,10
9100,21343500,7417100,2125,0,2125,2108000,2948852,5056852,8867423,246,10
9200,21580650,7417950,129625,0,129625,2108850,3056802,5165652,8867423,164,0
9300,21817800,7417950,266050,40800,306850,2131800,3093777,5225577,8867423,22,0
9400,22054950,7417950,274550,159800,434350,2184500,3116727,5301227,8901423,1,0
9500,22292100,7417950,328525,271150,599675,2234650,3123952,5358602,8915873,0,0
9600,22529250,7417950,310250,286450,596700,2235500,3136277,5371777,9142823,0,0
9700,22766400,7417950,346375,412250,758625,2235500,3148602,5384102,9205723,0,0
9800,23003550,7417950,337875,411400,749275,2243150,3159652,5402802,9433523,0,0
9900,23240700,7417950,372300,593300,965600,2243150,3166877,5410027,9447123,0,0
10000,23477850,7417950,351199,604350,955549,2243150,3184727,5427877,9676474,0,1
