run_time       ,total_data     ,mutihop        ,sensor_data_origin,sensor_data_calc,sensor_data    ,uav_data_calc  ,uav_data_origin,uav_data       ,lost_data      ,connect_num    ,buffer_overflow_num
100,0,0,0,0,0,0,0,0,0,103,0
200,237150,0,208675,0,208675,0,28475,28475,0,172,0
300,474300,43350,337025,45900,382925,2550,45475,48025,0,173,0
400,711450,176800,262650,214200,476850,2550,55250,57800,0,173,0
500,948600,235450,368050,187000,555050,2550,60350,62900,95200,173,0
600,1185750,362100,301750,361250,663000,2550,62900,65450,95200,173,0
700,1422900,427550,369750,323850,693600,2550,93500,96050,205700,173,0
800,1660050,538900,292549,498100,790649,2550,119850,122400,208101,173,1
900,1897200,598400,381289,453900,835189,3400,134300,137700,325911,173,1
1000,2134350,713150,309974,458150,768124,165750,154849,320599,332477,173,2
1100,2371500,788800,399224,238000,637224,165750,157399,323149,622327,173,0
1200,2608650,909500,357999,245650,603649,301750,160374,462124,633377,173,0
1300,2845800,985150,426849,192950,619799,301750,163774,465524,775327,173,0
1400,3082950,1104150,388174,336600,724774,301750,165899,467649,786377,173,0
1500,3320100,1180650,436624,311950,748574,301750,187149,488899,901977,173,0
1600,3557250,1280950,395973,467500,863473,301750,207549,509299,903528,173,1
1700,3794400,1339600,464653,444550,909203,301750,222849,524599,1020998,173,1
1800,4031550,1444150,425723,572900,998623,328950,235599,564549,1024228,173,1
1900,4268700,1517250,480123,381650,861773,332350,255149,587499,1302178,173,0
2000,4505850,1622650,449546,521900,971446,332350,271299,603649,1308105,173,8
2100,4743000,1706800,493130,338300,831430,332350,288299,620649,1584121,173,8
2200,4980150,1813900,472348,462400,934748,332350,301049,633399,1598103,173,10
2300,5217300,1903150,510067,447950,958017,332350,309124,641474,1714659,173,11
2400,5454450,2010250,492068,408000,900068,342550,311993,654543,1889589,173,11
2500,5691600,2099500,519374,265200,784574,481100,318347,799447,2008079,173,11
2600,5928750,2205750,496892,406300,903192,481100,320897,801997,2017811,173,12
2700,6165900,2294150,512660,395250,907910,481100,338747,819847,2143993,173,14
2800,6403050,2385100,480615,538900,1019515,481100,360847,841947,2156488,173,15
2900,6640200,2454800,516294,527000,1043294,481100,374872,855972,2286134,173,16
3000,6877350,2548300,485269,481950,967219,498950,393997,892947,2468884,173,15
3100,7114500,2624800,425,0,425,935850,924380,1860230,2629045,173,16
3200,7351650,2624800,46750,0,46750,935850,1115205,2051055,2629045,252,0
3300,7588800,2630750,216750,15300,232050,935850,1161105,2096955,2629045,219,0
3400,7825950,2680050,312375,84150,396525,935850,1179380,2115230,2634145,205,0
3500,8063100,2680050,291975,204850,496825,1048900,1190430,2239330,2646895,0,0
3600,8300250,2680050,336175,226950,563125,1103300,1211680,2314980,2742095,0,0
3700,8537400,2680050,318049,453050,771099,1103300,1214655,2317955,2768296,0,1
3800,8774550,2680050,367349,304300,671649,1103300,1217205,2320505,3102346,0,0
3900,9011700,2680050,348713,453050,801763,1103300,1219330,2322630,3207257,0,1
4000,9248850,2680050,398289,240550,638839,1161100,1219904,2381004,3548957,0,0
4100,9486000,2680050,371875,340000,711875,1261400,1232718,2494118,3599957,0,0
4200,9723150,2680050,418625,413950,832575,1261400,1243768,2505168,3705357,0,0
4300,9960300,2680050,390788,609450,1000238,1261400,1255243,2516643,3763369,0,2
4400,10197450,2680050,440513,470900,911413,1261400,1264168,2525568,4080419,0,1
4500,10434600,2680050,410657,622200,1032857,1261400,1276068,2537468,4184225,0,2
4600,10671750,2680050,460807,393550,854357,1294550,1287118,2581668,4555675,0,1
4700,10908900,2680050,443382,342550,785932,1294550,1296043,2590593,4852325,0,0
4800,11146050,2680050,482482,294100,776582,1294550,1311343,2605893,5083525,0,0
4900,11383200,2680050,478232,380800,859032,1294550,1321543,2616093,5228025,0,0
5000,11620350,2680050,514443,345950,860393,1294550,1333018,2627568,5452339,0,4
5100,11857500,2680050,495533,532100,1027633,1294550,1342368,2636918,5512899,0,14
5200,12094650,2680050,513298,623900,1137198,1294550,1354268,2648818,5628584,0,15
5300,12331800,2680050,496893,612850,1109743,1294550,1356818,2651368,5890639,0,16
5400,12568950,2680050,521883,446250,968133,1294550,1359368,2653918,6266849,0,15
5500,12806100,2680050,497488,457300,954788,1377000,1362407,2739407,6431855,0,16
5600,13043250,2680050,514424,449650,964074,1421200,1371311,2792511,6606615,0,16
5700,13280400,2680050,490624,473450,964074,1421200,1382361,2803561,6832715,0,15
5800,13517550,2680050,514658,555900,1070558,1421200,1391711,2812911,6954031,0,16
5900,13754700,2680050,492983,556750,1049733,1421200,1398936,2820136,7204781,0,15
6000,13991850,2680050,514977,565250,1080227,1421200,1408286,2829486,7402087,0,16
6100,14229000,2680050,425,0,425,1935450,1909238,3844688,7703837,0,15
6200,14466150,2680050,68425,0,68425,1935450,2078388,4013838,7703837,244,0
6300,14703300,2703850,236725,5950,242675,1935450,2117488,4052938,7703837,232,0
6400,14940450,2801600,290700,64600,355300,1938850,2140863,4079713,7703837,170,0
6500,15177600,2900200,311100,141100,452200,1938850,2145963,4084813,7740387,173,0
6600,15414750,2997950,327250,205700,532950,1938850,2157863,4096713,7787137,173,0
6700,15651900,3085500,344250,287300,631550,1938850,2160413,4099263,7835587,173,0
6800,15889050,3184100,362950,346800,709750,1938850,2163813,4102663,7892537,173,0
6900,16126200,3281000,362950,428400,791350,1938850,2174863,4113713,7940137,173,0
7000,16363350,3370250,371153,478550,849703,1938850,2193988,4132838,8010559,173,2
7100,16600500,3455250,375148,402050,777198,1938850,2210563,4149413,8218639,173,1
7200,16837650,3530050,405153,452200,857353,1938850,2222038,4160888,8289359,173,1
7300,17074800,3632050,396228,337450,733678,1965200,2236913,4202113,8506959,173,0
7400,17311950,3706850,425553,381650,807203,1965200,2258588,4223788,8574109,173,0
7500,17549100,3817350,428103,457300,885403,1965200,2270488,4235688,8610659,173,0
7600,17786250,3895550,452647,504050,956697,1965200,2290463,4255663,8678340,173,1
7700,18023400,4012000,439472,414800,854272,1965200,2308738,4273938,8883190,173,0
7800,18260550,4091900,482907,459850,942757,1965200,2311713,4276913,8948980,173,2
7900,18497700,4208350,478933,327250,806183,2007700,2315007,4322707,9160460,173,1
8000,18734850,4288250,502096,230350,732446,2168350,2318726,4487076,9227078,173,4
8100,18972000,4403850,495702,302600,798302,2168350,2318726,4487076,9282772,173,12
8200,19209150,4483750,496170,360400,856570,2170050,2337426,4507476,9361354,173,14
8300,19446300,4586600,481720,434350,916070,2170050,2351876,4521926,9421704,173,14
8400,19683450,4646950,500420,492150,992570,2170050,2373126,4543176,9500754,173,14
8500,19920600,4750650,485630,543150,1028780,2193000,2385451,4578451,9562719,173,15
8600,20157750,4819500,519269,425850,945119,2193000,2388001,4581001,9812130,173,15
8700,20394900,4941050,486204,493850,980054,2193000,2400751,4593751,9880045,173,15
8800,20632050,5013300,505669,545700,1051369,2193000,2411801,4604801,9962580,173,15
8900,20869200,5133150,489944,447950,937894,2193000,2420726,4613726,10184430,173,14
9000,21106350,5207950,488669,500650,989319,2193000,2452835,4645835,10263246,173,15
9100,21343500,5329500,425,0,425,2591650,2939379,5531029,10482546,173,13
9200,21580650,5329500,136000,0,136000,2591650,3040954,5632604,10482546,252,0
9300,21817800,5357550,273700,23800,297500,2601000,3079204,5680204,10482546,219,0
9400,22054950,5451050,283475,125800,409275,2601000,3091529,5692529,10502096,205,0
9500,22292100,5451050,341700,233750,575450,2653700,3097054,5750754,10514846,0,0
9600,22529250,5451050,315775,300050,615825,2695350,3107679,5803029,10659346,0,0
9700,22766400,5451050,352219,470050,822269,2695350,3122129,5817479,10675602,0,1
9800,23003550,5451050,337769,337450,675219,2695350,3134879,5830229,11047052,0,0
9900,23240700,5451050,385369,433500,818869,2695350,3145079,5840429,11130352,0,0
10000,23477850,5451050,363163,485350,848513,2695350,3156554,5851904,11326383,0,1
